23 30
23 26
23 66
23 82
23 19
23 7
23 51
23 79
23 60
23 33
23 75
23 76
23 36
23 58
23 64
23 31
23 63
23 21
23 18
23 59
23 93
34 64
34 66
34 72
34 4
34 60
34 99
34 75
34 88
34 7
34 87
34 74
34 77
34 81
46 48
46 75
46 62
46 80
46 70
46 74
46 58
46 81
46 53
89 99
89 90
89 98
89 80
89 96
89 9
15 66
15 5
15 79
15 91
15 1
15 73
15 98
15 38
15 34
15 76
15 83
15 27
15 46
15 57
15 74
15 77
15 53
15 6
66 99
66 90
66 76
66 95
66 70
69 66
69 85
69 48
69 31
69 41
69 73
69 63
69 84
69 6
65 85
65 90
65 63
65 88
65 7
65 89
65 57
51 5
51 45
51 98
51 77
51 89
51 57
51 44
51 97
51 84
51 93
51 74
51 56
10 39
10 66
10 25
10 14
10 12
10 32
10 2
10 78
10 82
10 83
10 94
10 86
10 96
10 84
10 50
10 77
10 81
10 9
79 90
79 83
79 76
79 95
79 77
79 8
22 79
22 85
22 60
22 90
22 45
22 61
22 98
22 77
22 80
22 51
22 71
22 36
22 93
22 74
22 58
22 81
33 66
33 99
33 73
33 55
33 98
33 62
33 59
33 92
33 49
33 71
33 74
33 64
33 53
33 8
91 8
76 99
76 98
76 94
76 86
76 92
76 96
76 97
76 93
76 81
76 9
83 89
83 94
83 91
83 95
36 5
36 48
36 42
36 63
36 67
36 68
36 76
36 47
36 83
36 88
36 70
36 84
36 26
36 81
36 53
36 8
4 99
4 52
4 91
4 98
4 83
4 94
4 65
4 77
63 99
63 41
63 88
63 89
63 93
63 77
63 81
63 9
21 66
21 35
21 54
21 43
21 33
21 61
21 98
21 32
21 38
21 83
21 96
21 70
21 93
21 58
21 64
21 53
2 44
2 4
2 42
2 69
2 52
2 90
2 45
2 3
2 51
2 40
2 71
2 84
2 36
2 77
78 98
78 8
78 95
18 34
18 11
18 17
18 69
18 19
18 95
18 13
18 60
18 85
18 14
18 38
18 80
18 40
18 9
18 43
18 78
18 84
18 93
18 56
77 91
77 83
77 80
77 96
77 95
0 16
0 67
0 26
0 17
0 69
0 19
0 92
0 10
0 5
0 33
0 38
0 62
0 24
0 81
0 53
0 72
0 48
0 2
0 93
99 98
30 72
30 79
30 42
30 52
30 90
30 75
30 82
30 83
30 94
30 88
30 59
30 51
30 95
30 57
30 50
30 58
30 64
30 53
67 75
67 99
67 74
67 76
11 4
11 60
11 69
11 25
11 99
11 29
11 63
11 68
11 3
11 76
11 83
11 26
11 49
11 97
11 93
11 45
11 8
11 0
52 72
52 69
52 83
52 71
52 77
73 67
61 66
61 91
61 55
61 68
61 88
61 7
61 87
61 96
61 58
19 79
19 93
19 43
19 25
19 31
19 56
19 55
19 21
19 68
19 65
19 80
19 7
19 95
19 71
19 13
19 58
92 93
92 8
92 87
87 94
87 99
95 94
95 86
85 71
85 81
85 90
85 8
54 84
54 73
54 68
54 78
54 82
54 83
54 97
54 96
54 87
54 89
54 57
54 71
54 64
54 53
3 72
3 22
3 60
3 42
3 90
3 91
3 29
3 68
3 32
3 82
3 34
3 38
3 47
3 86
3 51
3 56
3 64
62 84
62 91
62 98
62 88
62 95
62 87
24 66
24 58
24 52
24 98
24 2
24 82
24 34
24 47
24 88
24 65
24 71
24 57
24 84
24 36
24 77
24 70
24 6
40 5
40 79
40 69
40 52
40 73
40 78
40 62
40 96
40 57
40 64
97 88
97 90
74 75
74 77
74 97
58 72
58 82
58 80
58 65
58 71
58 64
58 6
70 7
70 68
70 90
70 95
9 88
9 80
45 72
45 73
45 67
45 47
45 88
45 65
45 92
45 87
45 97
45 57
45 74
45 53
45 6
43 72
43 99
43 85
43 95
43 55
43 63
43 78
43 82
43 86
43 49
43 46
43 89
43 40
43 50
43 45
43 37
68 72
68 98
68 78
68 88
68 96
68 97
68 74
86 92
84 66
84 70
84 8
93 87
16 39
16 5
16 42
16 91
16 30
16 98
16 78
16 38
16 83
16 62
16 65
16 40
16 87
16 89
16 44
16 77
16 37
29 99
29 85
29 54
29 4
29 33
29 91
29 63
29 68
29 76
29 7
29 71
29 44
29 74
29 77
29 81
29 53
57 72
57 60
57 91
57 68
57 78
57 83
57 92
57 7
57 89
57 84
57 77
57 81
57 8
17 20
17 99
17 46
17 52
17 41
17 55
17 73
17 65
17 19
17 7
17 49
17 51
17 44
17 8
17 22
17 83
17 62
17 80
17 40
17 81
17 90
17 63
28 34
28 15
28 73
28 94
28 19
28 49
28 44
28 5
28 35
28 54
28 76
28 83
28 27
28 97
28 64
28 70
28 90
28 63
28 86
28 93
82 99
82 98
82 83
82 86
82 96
82 87
82 9
7 73
7 80
7 74
7 91
44 66
44 75
44 41
44 55
44 61
44 63
44 68
44 78
44 76
44 56
44 62
44 80
44 40
44 95
44 71
44 45
37 99
37 48
37 52
37 54
37 29
37 31
37 63
37 98
37 67
37 56
37 78
37 76
37 47
37 62
37 7
37 49
37 77
60 72
60 85
60 67
60 68
60 78
60 7
60 64
75 79
75 63
75 80
75 86
75 93
14 99
14 5
14 4
14 43
14 93
14 98
14 34
14 27
14 65
14 49
14 87
14 40
14 57
14 71
14 9
14 37
12 99
12 34
12 46
12 39
12 28
12 41
12 55
12 73
12 94
12 49
12 87
12 8
12 35
12 62
12 40
12 96
12 58
12 9
12 86
12 84
32 46
32 39
32 69
32 55
32 61
32 94
32 65
32 5
32 79
32 54
32 85
32 91
32 76
32 96
32 74
32 45
32 64
32 4
32 48
32 98
32 78
32 50
38 72
38 35
38 99
38 60
38 54
38 79
38 48
38 90
38 61
38 68
38 83
38 47
38 62
38 7
38 46
38 84
38 77
96 91
72 99
72 85
72 88
72 86
72 87
72 97
72 89
42 39
42 4
42 48
42 43
42 25
42 91
42 84
42 55
42 98
42 68
42 38
42 88
42 86
42 59
42 97
42 44
42 9
1 64
1 16
1 5
1 52
1 43
1 31
1 41
1 95
1 14
1 70
1 63
1 3
1 94
1 46
1 89
1 93
1 81
1 8
88 78
88 92
88 96
88 87
59 91
59 63
59 73
59 82
59 34
59 93
59 64
56 72
56 85
56 91
56 61
56 70
56 83
56 97
56 89
56 84
56 81
20 79
20 85
20 4
20 75
20 73
20 21
20 82
20 34
20 94
20 88
20 40
20 95
20 50
20 74
20 45
20 9
26 16
26 20
26 29
26 46
26 73
26 65
26 5
26 60
26 54
26 79
26 75
26 32
26 81
26 53
26 21
26 78
26 88
26 59
26 50
6 66
6 72
6 90
6 67
6 65
6 92
6 70
6 8
39 4
39 54
39 73
39 98
39 38
39 76
39 80
39 51
39 7
39 46
39 96
39 57
39 9
39 8
25 20
25 43
25 55
25 21
25 67
25 86
25 57
25 84
25 56
41 79
41 91
41 82
41 94
41 95
41 89
41 9
55 72
55 58
55 91
55 73
55 78
55 94
55 84
55 77
55 64
55 9
94 96
94 80
94 90
94 91
49 66
49 99
49 60
49 69
49 91
49 75
49 67
49 82
49 51
49 71
49 95
49 92
49 56
49 81
13 34
13 57
13 26
13 6
13 39
13 55
13 65
13 92
13 8
13 79
13 85
13 54
13 38
13 24
13 40
13 74
13 9
13 53
13 72
13 4
13 42
13 90
13 63
13 93
13 56
5 66
5 90
5 63
5 78
5 88
5 86
5 96
5 87
5 45
5 64
35 72
35 5
35 43
35 63
35 73
35 68
35 82
35 83
35 47
35 62
35 86
35 7
35 57
35 50
35 70
47 69
47 61
47 67
47 78
47 59
47 7
47 77
47 6
27 17
27 72
27 5
27 69
27 52
27 33
27 73
27 78
27 38
27 34
27 82
27 86
27 84
27 74
27 81
27 9
64 85
64 90
64 63
64 67
64 68
64 78
64 62
64 88
64 86
64 87
64 93
64 74
64 81
64 8
81 99
81 90
81 82
81 94
81 92
81 93
53 75
53 56
53 67
53 68
53 83
53 87
53 50
53 58
53 8
48 79
48 54
48 98
48 6
48 65
48 96
48 97
48 56
48 8
31 64
31 99
31 85
31 78
31 46
31 87
31 58
31 70
98 91
71 99
71 73
71 88
71 7
71 95
71 97
71 93
71 77
71 8
50 56
50 98
50 78
50 76
50 62
50 92
50 96
50 97
50 57
50 58
50 8
